   3.1262587916614089     
  0.41987185861701926     
   2.9274325054654278     
   1.5577756429423366     
 -0.83320778710488708     
 -0.12166199041197009     
  -2.6781811268383535     
  -3.1079450312836343     
 -0.96081688271260635     
 -0.99121154107948928     
  -1.7721617145562050     
  -2.3049215128136589     
   2.5165695884346255     
 -0.71147042923197046     
 -0.34254511000199273     
   1.0174498038174231     
  -3.0403814314965225     
  0.94784888573970716     
  0.91991365670795244     
  -1.1122038796167242     
   2.2348811731438523     
 -0.62023265827580565     
  -1.8417630321080956     
   2.9439201362329186     
  0.61826245164653904     
